episode	reward	steps	laser_speed	best_reward
1	-106.88	35	0.00	-inf
2	-106.46	39	0.00	-106.88
3	-107.97	44	0.00	-106.46
4	-111.03	50	0.00	-106.46
5	-107.96	54	0.00	-106.46
6	-101.07	55	0.00	-106.46
7	-103.69	61	0.00	-101.07
8	-99.72	61	0.00	-101.07
9	-99.14	61	0.00	-99.72
10	-100.87	61	0.00	-99.14
11	-116.72	65	0.00	-99.14
12	-107.84	67	0.00	-99.14
13	-97.06	69	0.00	-99.14
14	-100.30	70	0.00	-97.06
15	-103.67	72	0.00	-97.06
16	-120.44	75	0.00	-97.06
17	-117.15	79	0.00	-97.06
18	-117.47	84	0.00	-97.06
19	-121.87	85	0.00	-97.06
20	-105.18	86	0.00	-97.06
21	-125.36	90	0.00	-97.06
22	-104.71	91	0.00	-97.06
23	-101.67	95	0.00	-97.06
24	-119.22	99	0.00	-97.06
25	-122.06	100	0.00	-97.06
26	-107.28	40	0.00	-97.06
27	-108.62	47	0.00	-97.06
28	-119.32	105	0.00	-97.06
29	-106.51	105	0.00	-97.06
30	-102.05	107	0.00	-97.06
31	-124.60	107	0.00	-97.06
32	-103.39	73	0.00	-97.06
33	-127.19	109	0.00	-97.06
34	-104.79	115	0.00	-97.06
35	-23.63	115	0.00	-97.06
36	-13.44	123	0.00	-23.63
37	-102.23	54	0.00	-13.44
38	-120.94	128	0.00	-13.44
39	-19.70	130	0.00	-13.44
40	-110.96	46	0.00	-13.44
41	-21.13	131	0.00	-13.44
42	-15.55	131	0.00	-13.44
43	-21.70	133	0.00	-13.44
44	-19.91	133	0.00	-13.44
45	-16.19	133	0.00	-13.44
46	-18.79	133	0.00	-13.44
47	-13.25	133	0.00	-13.44
48	-18.63	134	0.00	-13.25
49	-19.34	135	0.00	-13.25
50	-14.78	135	0.00	-13.25
51	-26.90	135	0.00	-13.25
52	-24.54	138	0.00	-13.25
53	-18.87	138	0.00	-13.25
54	-114.59	49	0.00	-13.25
55	-111.36	49	0.00	-13.25
56	-117.37	95	0.00	-13.25
57	-116.22	86	0.00	-13.25
58	-108.86	58	0.00	-13.25
59	-115.46	103	0.00	-13.25
60	-102.65	73	0.00	-13.25
61	-109.08	58	0.00	-13.25
62	-102.17	64	0.00	-13.25
63	-111.60	86	0.00	-13.25
64	-107.14	55	0.00	-13.25
65	-23.22	133	0.00	-13.25
66	-13.64	133	0.00	-13.25
67	-101.70	75	0.00	-13.25
68	-106.93	76	0.00	-13.25
69	-106.48	33	0.00	-13.25
70	-109.74	77	0.00	-13.25
71	-105.74	57	0.00	-13.25
72	-103.00	70	0.00	-13.25
73	-120.96	76	0.00	-13.25
74	-103.91	81	0.00	-13.25
75	-116.72	71	0.00	-13.25
76	-20.92	133	0.00	-13.25
77	-102.48	60	0.00	-13.25
78	-17.49	134	0.00	-13.25
79	-102.49	66	0.00	-13.25
80	-110.64	64	0.00	-13.25
81	-104.42	66	0.00	-13.25
82	-103.54	62	0.00	-13.25
83	-19.95	139	0.00	-13.25
84	-18.23	132	0.00	-13.25
85	-117.07	127	0.00	-13.25
86	-15.57	136	0.00	-13.25
87	-108.17	71	0.00	-13.25
88	-117.10	75	0.00	-13.25
89	-13.05	133	0.00	-13.25
90	-106.52	70	0.00	-13.05
91	-107.69	42	0.00	-13.05
92	-102.73	51	0.00	-13.05
93	-102.10	77	0.00	-13.05
94	-117.93	103	0.00	-13.05
95	-121.44	115	0.00	-13.05
96	-12.18	130	0.00	-13.05
97	-106.97	74	0.00	-12.18
98	-105.16	75	0.00	-12.18
99	-109.46	65	0.00	-12.18
100	-21.61	136	0.00	-12.18
101	-101.66	98	0.00	-12.18
102	-25.13	102	0.00	-12.18
103	-109.03	50	0.00	-12.18
104	-105.46	42	0.00	-12.18
105	-104.31	111	0.00	-12.18
106	-116.87	67	0.00	-12.18
107	-108.13	51	0.00	-12.18
108	-107.45	54	0.00	-12.18
109	-104.89	95	0.00	-12.18
110	-101.10	73	0.00	-12.18
111	-17.39	133	0.00	-12.18
112	-101.54	48	0.00	-12.18
113	-15.52	102	0.00	-12.18
114	-115.14	75	0.00	-12.18
115	-118.08	90	0.00	-12.18
116	-113.44	63	0.00	-12.18
117	-101.82	72	0.00	-12.18
118	-112.42	63	0.00	-12.18
119	-17.77	132	0.00	-12.18
120	-23.82	135	0.00	-12.18
121	-100.77	94	0.00	-12.18
122	-121.48	107	0.00	-12.18
123	-16.58	132	0.00	-12.18
124	-19.31	138	0.00	-12.18
125	-113.12	72	0.00	-12.18
126	-114.28	78	0.00	-12.18
127	-125.59	95	0.00	-12.18
128	-100.77	64	0.00	-12.18
129	-105.65	99	0.00	-12.18
130	-108.38	70	0.00	-12.18
131	-107.58	84	0.00	-12.18
132	-111.94	86	0.00	-12.18
133	-121.53	102	0.00	-12.18
134	-24.14	137	0.00	-12.18
135	-14.30	133	0.00	-12.18
136	-21.25	133	0.00	-12.18
137	-115.34	86	0.00	-12.18
138	-115.60	70	0.00	-12.18
139	-18.54	132	0.00	-12.18
140	-116.88	75	0.00	-12.18
141	-13.42	132	0.00	-12.18
142	-19.89	137	0.00	-12.18
143	-105.04	66	0.00	-12.18
144	-20.94	135	0.00	-12.18
145	-31.43	146	0.00	-12.18
146	-13.57	132	0.00	-12.18
147	-104.97	89	0.00	-12.18
148	-16.66	133	0.00	-12.18
149	-112.09	70	0.00	-12.18
150	-13.41	134	0.00	-12.18
151	-102.18	66	0.00	-12.18
152	-20.77	132	0.00	-12.18
153	-117.63	76	0.00	-12.18
154	-102.44	92	0.00	-12.18
155	-107.71	63	0.00	-12.18
156	-15.01	134	0.00	-12.18
157	-16.28	133	0.00	-12.18
158	-31.21	141	0.00	-12.18
159	-21.07	134	0.00	-12.18
160	-107.19	103	0.00	-12.18
161	-120.86	115	0.00	-12.18
162	-118.64	99	0.00	-12.18
163	-118.81	97	0.00	-12.18
164	-13.26	131	0.00	-12.18
165	-104.41	85	0.00	-12.18
166	-107.19	46	0.00	-12.18
167	-15.52	138	0.00	-12.18
168	-116.17	68	0.00	-12.18
169	-16.43	132	0.00	-12.18
170	-19.00	132	0.00	-12.18
171	-15.49	132	0.00	-12.18
172	-125.52	157	0.00	-12.18
173	-120.79	118	0.00	-12.18
174	-13.83	132	0.00	-12.18
175	-106.09	63	0.00	-12.18
176	-118.60	76	0.00	-12.18
177	-113.18	59	0.00	-12.18
178	-17.78	132	0.00	-12.18
179	-14.15	132	0.00	-12.18
180	-14.78	132	0.00	-12.18
181	-15.55	132	0.00	-12.18
182	-22.35	140	0.00	-12.18
183	-110.50	72	0.00	-12.18
184	-112.99	77	0.00	-12.18
185	-116.37	82	0.00	-12.18
186	-17.00	132	0.00	-12.18
187	-15.99	132	0.00	-12.18
188	-18.32	134	0.00	-12.18
189	-112.35	71	0.00	-12.18
190	-108.83	89	0.00	-12.18
191	-117.66	83	0.00	-12.18
192	-21.21	134	0.00	-12.18
193	-103.60	79	0.00	-12.18
194	-110.79	88	0.00	-12.18
195	-108.81	42	0.00	-12.18
196	-106.41	43	0.00	-12.18
197	-108.97	69	0.00	-12.18
198	-114.01	77	0.00	-12.18
199	-17.83	135	0.00	-12.18
200	-116.32	105	0.00	-12.18
201	-21.41	132	0.00	-12.18
202	-119.25	81	0.00	-12.18
203	-107.78	101	0.00	-12.18
204	-110.50	51	0.00	-12.18
205	-108.91	55	0.00	-12.18
206	-16.98	137	0.00	-12.18
207	-108.85	98	0.00	-12.18
208	-115.39	56	0.00	-12.18
209	-115.65	96	0.00	-12.18
210	-105.09	60	0.00	-12.18
211	-112.60	57	0.00	-12.18
212	-126.37	97	0.00	-12.18
213	-120.61	95	0.00	-12.18
214	-109.44	57	0.00	-12.18
215	-109.77	97	0.00	-12.18
216	-106.50	76	0.00	-12.18
217	-102.31	81	0.00	-12.18
218	-101.22	115	0.00	-12.18
219	-23.65	135	0.00	-12.18
220	-102.89	89	0.00	-12.18
221	-109.98	54	0.00	-12.18
222	-16.43	133	0.00	-12.18
223	-21.04	140	0.00	-12.18
224	-113.34	56	0.00	-12.18
225	-119.32	104	0.00	-12.18
226	-104.79	71	0.00	-12.18
227	-25.76	139	0.00	-12.18
228	-108.99	58	0.00	-12.18
229	-108.55	39	0.00	-12.18
230	-115.99	54	0.00	-12.18
231	-20.43	134	0.00	-12.18
232	-125.07	91	0.00	-12.18
233	-106.27	44	0.00	-12.18
234	-102.79	115	0.00	-12.18
235	-106.91	93	0.00	-12.18
236	-106.51	54	0.00	-12.18
237	-15.68	135	0.00	-12.18
238	-16.66	130	0.00	-12.18
239	-113.32	94	0.00	-12.18
240	-27.76	136	0.00	-12.18
241	-111.45	94	0.00	-12.18
242	-115.99	67	0.00	-12.18
243	-100.38	85	0.00	-12.18
244	-114.27	72	0.00	-12.18
245	-103.40	67	0.00	-12.18
246	-114.89	56	0.00	-12.18
247	-113.16	59	0.00	-12.18
248	-24.83	131	0.00	-12.18
249	-17.53	131	0.00	-12.18
250	-102.86	106	0.00	-12.18
251	-115.10	74	0.00	-12.18
252	-12.15	133	0.00	-12.18
253	-116.20	73	0.00	-12.15
254	-123.60	105	0.00	-12.15
255	-120.21	79	0.00	-12.15
256	-122.24	97	0.00	-12.15
257	-16.64	133	0.00	-12.15
258	-114.81	85	0.00	-12.15
259	-104.10	76	0.00	-12.15
260	-13.67	133	0.00	-12.15
261	-18.63	132	0.00	-12.15
262	-21.57	134	0.00	-12.15
263	-121.62	88	0.00	-12.15
264	-115.51	101	0.00	-12.15
265	-120.90	99	0.00	-12.15
266	-20.88	135	0.00	-12.15
267	-26.40	139	0.00	-12.15
268	-17.74	131	0.00	-12.15
269	-105.50	94	0.00	-12.15
270	-103.60	83	0.00	-12.15
271	-20.42	136	0.00	-12.15
272	-98.97	67	0.00	-12.15
273	-103.68	74	0.00	-12.15
274	-21.72	134	0.00	-12.15
275	-100.85	107	0.00	-12.15
276	-18.88	106	0.00	-12.15
277	-17.41	132	0.00	-12.15
278	-19.73	131	0.00	-12.15
279	-16.76	132	0.00	-12.15
280	-100.72	62	0.00	-12.15
281	-96.54	105	0.00	-12.15
282	-103.10	77	0.00	-12.15
283	-116.60	61	0.00	-12.15
284	-114.71	80	0.00	-12.15
285	-108.49	46	0.00	-12.15
286	-98.70	100	0.00	-12.15
287	-106.77	55	0.00	-12.15
288	-22.18	142	0.00	-12.15
289	-20.65	136	0.00	-12.15
290	-121.69	132	0.00	-12.15
291	-20.24	137	0.00	-12.15
292	-107.44	56	0.00	-12.15
293	-104.41	65	0.00	-12.15
294	-128.66	112	0.00	-12.15
295	-111.05	49	0.00	-12.15
296	-108.03	58	0.00	-12.15
297	-114.84	56	0.00	-12.15
298	-19.80	138	0.00	-12.15
299	-16.77	134	0.00	-12.15
300	-21.50	134	0.00	-12.15
301	-104.29	106	0.00	-12.15
302	-17.27	134	0.00	-12.15
303	-24.20	140	0.00	-12.15
304	-112.50	63	0.00	-12.15
305	-106.00	111	0.00	-12.15
306	-105.66	110	0.00	-12.15
307	-107.10	63	0.00	-12.15
308	-96.90	74	0.00	-12.15
309	-119.69	92	0.00	-12.15
310	-26.11	137	0.00	-12.15
311	-106.64	37	0.00	-12.15
312	-101.31	83	0.00	-12.15
313	-12.78	132	0.00	-12.15
314	-13.23	134	0.00	-12.15
315	-99.45	73	0.00	-12.15
316	-100.99	95	0.00	-12.15
317	-103.17	72	0.00	-12.15
318	-104.75	84	0.00	-12.15
319	-16.62	137	0.00	-12.15
